space  00
"  01010010
)  010101001
,  011110
-  010100111
.  1011110
;  01010110
A  010101011
I  1011111
M  010101010
N  010100110
S  0100000
a  1000
b  0100001
c  10110
d  01011
f  0101000
g  011111
h  10101
i  1101
l  01100
m  01001
n  1100
o  1111
p  010001
r  10100
s  1001
t  1110
u  01110
v  01010111
w  01101
x  010101000
y  101110
------------------------------------------------
010100110 1111 01101 011110 00 1100 1000 1110 01110 10100 1000 01100 01100 101110 011110 00 1101 1100 00 01101 10100 1101 1110 1101 1100 011111 00 1001 01110 10110 10101 00 1000 00 1001 1110 1111 10100 101110 00 1000 1001 00 1110 10101 1101 1001 011110 00 01101 1101 1110 10101 00 1101 1110 1001 00 10110 1111 1100 01011 1101 1110 1101 1111 1100 1001 00 1000 1001 00 01100 1000 1101 01011 00 01011 1111 01101 1100 00 1101 1100 00 1101 1110 1001 00 1011111 1100 1110 10100 1111 01011 01110 10110 1110 1101 1111 1100 011110 00 1101 1110 00 1101 1001 00 1100 1111 1110 00 1001 01110 10100 010001 10100 1101 1001 1101 1100 011111 00 1110 10101 1000 1110 00 1000 1100 00 1111 10110 10110 1000 1001 1101 1111 1100 1000 01100 00 01010010 10100 1111 01110 011111 10101 00 1001 010001 1111 1110 01010010 00 1101 1100 00 10110 1111 01001 010001 1111 1001 1101 1110 1101 1111 1100 00 1101 1001 00 0101000 1111 01110 1100 01011 1011110 00 0100000 1111 00 1011111 00 1110 10100 01110 1001 1110 00 1110 10101 1000 1110 00 1000 00 10110 10100 1101 1110 1101 10110 1000 01100 00 010001 01110 0100001 01100 1101 10110 00 01101 1101 01100 01100 00 10101 1111 01100 01011 00 10110 1111 1100 1001 1110 1000 1100 1110 01100 101110 00 1101 1100 00 01001 1101 1100 01011 00 1110 10101 1000 1110 00 1011111 00 1000 01001 00 01010111 1111 01100 01110 1100 1110 1000 10100 1101 01100 101110 00 1000 01010111 1111 1101 01011 1101 1100 011111 00 01101 1111 10100 01011 1001 00 10110 1111 1100 1110 1000 1101 1100 1101 1100 011111 00 1110 10101 1000 1110 00 1001 101110 01001 0100001 1111 01100 00 01101 10101 1101 10110 10101 00 1101 1001 011110 00 0100001 101110 00 0101000 1000 10100 011110 00 1111 0101000 00 01001 1111 1001 1110 00 10110 1111 01001 01001 1111 1100 00 1101 1100 10110 01100 01110 1001 1101 1111 1100 00 1101 1100 00 01101 10100 1101 1110 1101 1100 011111 00 1111 01110 10100 00 010101011 1100 011111 01100 1111 010100111 0100000 1000 010101000 1111 1100 00 1000 1001 00 1101 1110 00 1101 1001 011110 00 1110 1111 01011 1000 101110 1011110 00 010101010 1000 1100 101110 00 1111 0101000 00 1111 01110 10100 00 01001 1111 1001 1110 00 10110 1111 01001 01001 1111 1100 00 01101 1111 10100 01011 1001 00 10110 1000 1100 1100 1111 1110 00 1001 10101 1111 01101 01010110 00 1001 1111 00 1011111 00 01001 01110 1001 1110 00 1000 01011 1111 010001 1110 00 1001 101110 1100 1111 1100 101110 01001 1001 01010110 00 1000 1100 01011 00 1001 1111 00 1110 01101 1101 1001 1110 00 1000 00 1110 10101 1111 01110 011111 10101 1110 00 1000 10100 1111 01110 1100 01011 00 1000 1001 00 1110 1111 00 1001 1000 101110 00 01101 10101 1000 1110 00 1011111 00 01101 1101 1001 10101 00 01101 1101 1110 10101 00 1000 1001 00 01001 01110 10110 10101 00 10110 01100 1000 10100 1101 1110 101110 00 1000 1001 00 1011111 00 10110 1000 1100 1011110 010101001 00 0100000 1111 011110 00 1100 1111 01101 00 1110 1111 00 011111 1111 00 1111 1100 00 01101 1101 1110 10101 00 1110 10101 1101 1001 00 1111 01011 01011 00 10110 1111 1100 1110 10100 1000 010001 1110 1101 1111 1100 1011110 1011110 1011110 
------------------------------------------------
There are a total of 589 symbols that are encoded.
There are 33 distinct symbols used.
There were 4712 bits in the original file.
There were 2466 bits in the compressed file.
This gives a compression ratio of 1.91079
The cost of the Huffman tree is 4.18676 bits per character.
